GATE_OF_LF: 780.275,-217.025,853.675,-89,1,0
OF_E01: 309.275,-234.025,326.675,-99,1,1
OF_A01: -309.725,211.975,-290.325,161,1,1
OF_A02: -154.725,207.975,-172.325,68,1,1
OF_A03: -252.125,95.375,-173.125,198,1,1
OF_B01: 124.875,148.375,50.87502,-24,1,1
OF_B02: 367.875,202.375,21.87502,197,1,1
OffScreenDen_OF: -865.725,-415.025,-617.325,-412,1,1
Connection: GATE_OF_LF,OF_E01,2,9,243,15,2,0
