GATE_OF_LF: 784.575,-286.8472,879.9417,-122.2778,1,0
OF_E01: 313.575,-303.8472,352.9417,-132.2778,1,1
OF_A01: -305.425,142.1528,-264.0583,127.7222,1,1
OF_A02: -150.425,138.1528,-146.0583,34.72224,1,1
OF_A03: -247.825,25.55276,-146.8583,164.7222,1,1
OF_B01: 129.175,78.55279,78.14169,-58.27776,1,1
OF_B02: 372.175,132.5528,48.14168,163.7222,1,1
OF_A04: -229.7,256.1778,-268.7333,-25.27776,1,1
OF_B03: 195.3,302.4,57.6,292.5,1,1
OffScreenDen_OF: -861.425,-484.8472,-591.0583,-445.2778,1,1
Connection: GATE_OF_LF,OF_E01,2,9,243,15,2,0
