GATE_OF_LF: 807.0295,-321.029,904.3962,-148.8232,1,0
OF_E01: 336.0296,-338.029,377.3962,-158.8232,1,1
OF_A01: -282.9704,107.971,-239.6038,101.1768,1,1
OF_A02: -127.9704,103.971,-121.6038,8.17678,1,1
OF_A03: -225.3705,-8.629072,-122.4038,138.1768,1,1
OF_B01: 151.6295,44.37096,102.5962,-84.8232,1,1
OF_B02: 394.6295,98.37096,72.5962,137.1768,1,1
OF_A04: -207.2455,221.996,-244.2788,-51.82322,1,1
OF_B03: 217.7545,268.2182,82.05452,265.9546,1,1
OF_A05: -224.5455,341.8182,-244.5455,265.4546,1,1
OffScreenDen_OF: -838.9705,-519.0291,-566.6038,-471.8232,1,1
Connection: GATE_OF_LF,OF_E01,2,9,243,15,2,0
