GATE_OF_LF: 889.4,102.6,998.8,133,1,0
OF_E01: 418.4,85.59999,471.8,123,1,1
OF_A01: -372.6,11.60001,-494.2,-6,1,1
OF_A02: -178.6,-104.4,-504.2,-60,1,1
OffScreenDen_OF: -756.6,-95.40001,-472.2,-190,1,1
Connection: GATE_OF_LF,OF_E01,2,9,243,15,2,0
