GATE_OF_LF: 783.9462,-358.029,900.2296,-187.3232,1,0
OF_E01: 312.9463,-375.029,373.2296,-197.3232,1,1
OF_A01: -306.0537,70.97099,-243.7705,62.67677,1,1
OF_A02: -151.0537,66.97099,-125.7705,-30.32325,1,1
OF_A03: -248.4538,-45.62909,-126.5705,99.67677,1,1
OF_B01: 128.5462,7.370939,98.42953,-123.3232,1,1
OF_B02: 371.5462,61.37093,68.42953,98.67677,1,1
OF_A04: -230.3288,184.996,-248.4454,-90.32324,1,1
OF_B03: 194.6712,231.2182,77.88786,227.4546,1,1
OF_A05: -247.6288,304.8182,-248.7122,226.9546,1,1
OF_B04: 253.9167,407,45.83334,423.5,1,1
OffScreenDen_OF: -862.0538,-556.0291,-570.7704,-510.3232,1,1
Connection: GATE_OF_LF,OF_E01,2,9,243,15,2,0
