GATE_OF_LF: 806.275,-253.2472,886.3417,-89.77778,1,0
OF_E01: 335.275,-270.2472,359.3417,-99.77778,1,1
OF_A01: -283.725,175.7528,-257.6583,160.2222,1,1
OF_A02: -128.725,171.7528,-139.6583,67.22222,1,1
OF_A03: -226.125,59.15278,-140.4583,197.2222,1,1
OF_B01: 150.875,112.1528,84.54169,-25.77778,1,1
OF_B02: 393.875,166.1528,54.54168,196.2222,1,1
OF_A04: -208,289.7778,-262.3333,7.222219,1,1
OffScreenDen_OF: -839.725,-451.2472,-584.6583,-412.7778,1,1
Connection: GATE_OF_LF,OF_E01,2,9,243,15,2,0
