EffectColorA: 2
AmbientSounds: SPOT><SO_WAT-RunningWater.ogg><491.049><397.8061><0.1630435><0.9413043><88.04901><-41.19389><-241.3553><-75.35535><0><0.4478262, SPOT><AM_IND-Utility02.ogg><496.9462><514.2113><0.4130435><1><523.9462><721.2113><-46.35535><-252.3553><0><0.3826088, SPOT><AM_ENV-LightWind.ogg><682.4499><511.7574><0.326087><1><1588.45><721.7574><-26.35535><-171.3553><0><0.5891306, 
FadePalette: 8, 0.2065217, 0.2282609
