Grime: 0.2826087
EffectColorA: 2
PlacedObjects: InsectGroup><368.1971><561.0334><114~80~-33~-220~TinyDragonFly~0.5, InsectGroup><1652.084><217.1813><-135~204~0~0~WaterGlowworm~0.5, InsectGroup><1237.82><204.0867><0~100~0~0~WaterGlowworm~0.5, CustomDecal><979.34><405.6199><-113~355~547~424~540~0~15~-593~0.6304348~1~0~RKSkull~0.3695652~0.1630435~0.3695652~0.1630435~0.3695652~0.1630435~0.3695652~0.1630435, CustomDecal><1221.763><295.8004><-157~519~798~532~857~-100~40~-470~0.6195652~1~0~HugeOrange~0.4130435~0.4456522~0.4130435~0.4456522~0.4130435~0.4456522~0.4130435~0.4456522, CustomDecal><974.5509><123.2695><-82~309~1128~322~1139~-59~543~-298~0.1413043~1~0~DirtyWaterLine~0.5978261~1~0.5978261~1~0.5978261~1~0.5978261~1, CustomDecal><990.3458><248.4255><-88~283~925~231~1057~-135~94~-401~0.2065217~0.6413044~0~Rust3~0.326087~1~0.326087~1~0.326087~1~0.326087~1, CustomDecal><2040.873><152.6574><-65~318~1085~320~1064~-46~280~-333~0.6086956~1~0.5543478~PurpleAndWhiteBubbly~0.2826087~0.7717391~0.2826087~0.7717391~0.2826087~0.7717391~0.2826087~0.7717391, CustomDecal><1923.565><203.5758><-121~180~186~186~321~-45~130~-388~0.2826087~1~0~RustB2~0.5760869~0.6521739~0.5760869~0.6521739~0.5760869~0.6521739~0.5760869~0.6521739, CustomDecal><76.63208><388.9002><-170~472~981~473~1049~30~340~-570~0.5760869~1~0~SleepingDragon~0.3586957~1~0.3586957~1~0.3586957~1~0.3586957~1, 
AmbientSounds: OMNI><AM_ENV-LightWind.ogg><835.5298><569.9478><0.2391304><1, SPOT><SO_WAT-RunningWater.ogg><835.0441><454.6951><0.2717391><1><1014.044><285.6951><-201.3553><-141.3553><0><0.3500001, SPOT><SO_WAT-OpenFlow.ogg><654.9631><519.0535><0.423913><1><1115.963><309.0534><-233.3553><-54.35535><0><0.5239132, SPOT><SO_WAT-Splashes.ogg><480.2039><522.4446><0.2934783><0.823913><1104.204><318.4446><-133.3553><-67.35535><0><0.9586958, 
FadePalette: 8, 0.1630435, 0.1195652, 0.326087
