DangerType: Rain
CeilingDrips: 0.8173913
WaveSpeed: 0.75
WaveLength: 0.5
WaveAmplitude: 0
SecondWaveLength: 0.1666667
SecondWaveAmplitude: 0
Clouds: 0
Grime: 0.35
BkgDroneVolume: 0
BkgDroneNoThreatVolume: 1
Palette: 4
EffectColorA: 2
EffectColorB: 6
Effects: RockFlea-0.053913-20-20, 
AmbientSounds: OMNI><SO_WAT-DripTap.ogg><661.6606><638.8691><0.3043478><1, OMNI><SO_WAT-LilDrips.ogg><480.6833><635.9385><0.2717391><1, OMNI><AM_IND-Utility02.ogg><837.3013><645.9775><0.326087><1, 
