GATE_DS_DC: -498.4,34.31667,-294.3834,85.93331,2,0
DC_ENTRANCE: -184.4,19.31667,-166.3833,83.93333,2,0
DC_POOL: 208.6,-0.6833333,155.6167,2.266668,2,1
DC_ELBOW: 129.1,-200.9333,154.8667,-126.7333,1,1
DC_CANAL01: 722.5,-3.333333,381.6667,61.66666,2,1
OffScreenDen_DC: -377.4,151.3167,-231.3833,-107.0666,1,1
Connection: GATE_DS_DC,DC_ENTRANCE,45,11,5,16,0,2
Connection: DC_ENTRANCE,DC_POOL,143,17,12,53,0,2
Connection: DC_POOL,DC_CANAL01,91,26,3,7,0,2
Connection: DC_POOL,DC_ELBOW,16,3,16,32,3,1
