GATE_DS_DC: -353.9,33.65,-218.05,98.26665,2,0
DC_ENTRANCE: -39.89997,18.65,-90.05,96.26665,2,1
DC_POOL: 353.1,-1.35,231.95,14.6,2,1
DC_ELBOW: 273.6,-201.6,231.2,-114.4,1,1
OffScreenDen_DC: -232.9,150.65,-155.05,-94.7333,1,1
Connection: GATE_DS_DC,DC_ENTRANCE,45,11,5,16,0,2
Connection: DC_ENTRANCE,DC_POOL,143,17,12,53,0,2
Connection: DC_POOL,DC_ELBOW,16,3,16,32,3,1
