GATE_DS_DC: -145,-34,-61,67.66666,1,0
DC_ENTRANCE: 169,-49,59,57.66667,1,1
OffScreenDen_DC: -24,83,2,-125.3333,1,1
Connection: GATE_DS_DC,DC_ENTRANCE,45,11,5,16,0,2
