GATE_DS_DC: -285.5,-16.75,-160.25,69.66665,1,0
DC_ENTRANCE: 28.5,-31.75,-32.25,67.66666,1,1
DC_POOL: 421.5,-51.75,289.75,-14.00001,1,1
OffScreenDen_DC: -164.5,100.25,-97.25,-123.3333,1,1
Connection: GATE_DS_DC,DC_ENTRANCE,45,11,5,16,0,2
Connection: DC_ENTRANCE,DC_POOL,143,17,12,53,0,2
