GATE_DS_DC: -2379.078,104.3639,-1600.396,241.5627,2,0
DC_S01: -2268.665,4.949019,-1478.185,104.7322,2,0
DC_ENTRANCE: -2065.078,89.36375,-1480.396,233.5629,2,0
DC_POOL: -1672.078,69.36375,-1160.394,138.8963,2,1
DC_ELBOW: -1751.578,-130.8863,-1160.144,-227.1037,1,1
DC_CANAL01: -1158.177,66.71372,-934.3427,198.2962,2,1
DC_BAT01: -748.6775,69.04708,-504.0095,182.6297,2,1
DC_BASEMENT: -565.8202,-15.5863,-342.0411,132.9821,2,1
DC_CANAL02: -154.8196,68.96365,-213.9412,200.9819,2,1
DC_CANAL03: 485.562,65.67796,231.7257,199.4108,2,1
DC_CANAL04: 1301.954,62.38814,748.9654,193.4548,2,1
DC_MIRO: 1795.688,62.52149,1317.932,177.5881,2,1
DC_PIPE: 1805.623,-34.4785,1307.932,47.74942,1,0
DC_TURN: 2128.498,-27.63475,1582.495,46.46814,1,0
DC_COAST: 2783.165,69.48648,1661.403,177.044,2,0
DC_HOOK: -777.9632,-75.0958,-484.7239,56.20089,2,1
DC_POND: -824.3382,-57.2208,-652.474,-76.17408,1,1
DC_BOW: -1139.7,-44.09462,-776.0685,-103.6486,1,1
DC_ANKLE: -500.0046,-0.3319113,-331.0293,-44.72966,1,1
DC_FALLDOWN: -321.5046,13.66812,-211.529,-201.2296,1,1
DC_S02: -164.3831,-40.371,-89.06386,-72.94806,1,0
DC_HALL: -42.2317,187.6681,-81.07506,73.86102,1,1
DC_DRAIN: 6.017823,-155.4986,-79.24146,-200.472,1,0
DC_PIT: 419.4818,-207.0371,264.0664,-314.1646,0,0
DC_POCKET: 666.1228,-216.0371,527.7801,-365.8787,0,0
DC_S04: 794.8711,-229.5947,640.6457,-372.7201,0,0
DC_DROWN: 642.7246,-62.3704,529.5146,-241.1451,1,0
DC_TRIPLE: 250.9105,109.0672,157.701,-33.83292,1,1
DC_CURVY: 450.5591,64.83187,281.7603,-68.00937,1,0
DC_ARM: 542.3913,166.8873,281.5382,64.82397,1,1
DC_UNDER: 670.1059,-40.00385,526.2711,59.13771,2,1
DC_S03: 522.5011,-48.40944,405.0905,-77.79422,2,0
DC_BAT02: 869.6278,-26.13431,647.3584,50.39856,2,1
DC_GARDEN: 1449.871,26.51584,1068.521,63.36742,1,1
DC_DROPPER: 1206.5,-112.0556,953.75,-109.8611,1,1
OffScreenDen_DC: -2258.078,221.3637,-1555.396,-133.4369,1,1
Connection: GATE_DS_DC,DC_ENTRANCE,45,11,5,16,0,2
Connection: GATE_DS_DC,DC_S01,36,5,22,19,3,2
Connection: DC_ENTRANCE,DC_POOL,143,17,12,53,0,2
Connection: DC_POOL,DC_CANAL01,91,26,3,7,0,2
Connection: DC_POOL,DC_ELBOW,16,3,16,32,3,1
Connection: DC_CANAL01,DC_BAT01,185,6,13,3,3,2
Connection: DC_BAT01,DC_BASEMENT,54,3,2,27,0,1
Connection: DC_BAT01,DC_HOOK,30,3,37,31,0,1
Connection: DC_BASEMENT,DC_CANAL02,45,29,12,3,1,2
Connection: DC_CANAL02,DC_CANAL03,199,2,28,3,0,2
Connection: DC_CANAL03,DC_BAT02,198,3,12,32,0,2
Connection: DC_CANAL04,DC_BAT02,29,3,54,32,3,0
Connection: DC_CANAL04,DC_MIRO,242,3,16,5,3,3
Connection: DC_MIRO,DC_PIPE,40,3,40,31,3,0
Connection: DC_PIPE,DC_TURN,96,24,3,22,0,2
Connection: DC_PIPE,DC_GARDEN,7,18,92,6,2,3
Connection: DC_TURN,DC_COAST,43,29,19,6,0,3
Connection: DC_HOOK,DC_POND,8,9,71,23,1,3
Connection: DC_POND,DC_ANKLE,141,24,7,6,0,2
Connection: DC_POND,DC_BOW,6,20,40,23,2,0
Connection: DC_ANKLE,DC_FALLDOWN,44,29,5,84,0,3
Connection: DC_FALLDOWN,DC_HALL,44,135,4,16,0,2
Connection: DC_FALLDOWN,DC_S02,44,55,21,13,0,2
Connection: DC_FALLDOWN,DC_DRAIN,31,7,10,6,3,2
Connection: DC_HALL,DC_TRIPLE,96,16,3,61,0,2
Connection: DC_DRAIN,DC_PIT,142,19,8,52,0,2
Connection: DC_PIT,DC_POCKET,93,13,10,9,0,3
Connection: DC_POCKET,DC_DROWN,5,18,22,9,1,2
Connection: DC_POCKET,DC_S04,41,15,30,18,0,2
Connection: DC_DROWN,DC_CURVY,5,101,38,25,1,0
Connection: DC_TRIPLE,DC_ARM,42,47,11,9,0,2
Connection: DC_TRIPLE,DC_CURVY,33,8,5,4,0,2
Connection: DC_ARM,DC_UNDER,66,10,12,28,3,1
Connection: DC_UNDER,DC_BAT02,43,15,12,11,0,2
Connection: DC_UNDER,DC_S03,4,14,21,19,2,0
Connection: DC_GARDEN,DC_DROPPER,3,27,41,104,2,0
