GATE_DS_DC: -2214.243,103.8774,-1488.799,245.5187,2,0
DC_S01: -2103.83,4.462559,-1366.588,108.6882,2,0
DC_ENTRANCE: -1900.243,88.87728,-1368.799,237.5189,2,0
DC_POOL: -1507.243,68.87728,-1048.797,142.8523,2,1
DC_ELBOW: -1586.743,-131.3728,-1048.547,-223.1477,1,1
DC_CANAL01: -993.3427,66.22726,-822.7467,202.2522,2,1
DC_BAT01: -583.8432,68.56061,-392.4135,186.5857,2,1
DC_BASEMENT: -400.9859,-16.07277,-230.4452,136.9381,2,1
DC_CANAL02: 10.01418,68.47718,-102.3452,204.9379,2,1
DC_CANAL03: 650.396,65.1915,343.3217,203.3668,2,1
DC_CANAL04: 1466.789,61.90168,860.5614,197.4108,2,1
DC_MIRO: 1960.522,62.03503,1429.529,181.5441,2,1
DC_PIPE: 1970.458,-34.96498,1421.529,51.70552,2,1
DC_TURN: 2293.333,-28.12121,1693.091,50.42426,2,1
DC_HOOK: -613.1289,-75.58228,-373.128,60.15702,2,1
DC_POND: -659.5039,-57.70724,-540.878,-72.21797,1,1
DC_BOW: -974.8656,-44.58108,-664.4726,-99.69258,1,1
DC_ANKLE: -335.1709,-0.8183641,-219.4333,-40.77354,1,1
DC_FALLDOWN: -156.6709,13.18166,-99.93315,-197.2736,1,1
DC_S02: 0.4507737,-40.85746,22.53204,-68.99194,1,0
DC_HALL: 122.6021,187.1817,30.52084,77.81714,1,1
DC_DRAIN: 170.8516,-155.985,32.35445,-196.516,1,0
DC_PIT: 584.3155,-207.5235,375.6623,-310.2086,0,0
DC_POCKET: 830.9571,-216.5235,639.3761,-361.9227,0,0
DC_S04: 959.7053,-230.0811,752.2417,-368.7641,0,0
DC_DROWN: 807.5589,-62.85686,641.1106,-237.1891,1,0
DC_TRIPLE: 415.7446,108.5807,269.2969,-29.8768,1,1
DC_CURVY: 615.3927,64.34541,393.3562,-64.05325,1,0
DC_ARM: 707.2256,166.4008,393.1341,68.78008,1,1
DC_UNDER: 834.9402,-40.4903,637.867,63.09382,2,1
DC_S03: 687.3354,-48.8959,516.6864,-73.83812,2,0
DC_BAT02: 1034.462,-26.62077,758.9544,54.35468,2,1
OffScreenDen_DC: -2093.243,220.8772,-1443.799,-129.4809,1,1
Connection: GATE_DS_DC,DC_ENTRANCE,45,11,5,16,0,2
Connection: GATE_DS_DC,DC_S01,36,5,22,19,3,2
Connection: DC_ENTRANCE,DC_POOL,143,17,12,53,0,2
Connection: DC_POOL,DC_CANAL01,91,26,3,7,0,2
Connection: DC_POOL,DC_ELBOW,16,3,16,32,3,1
Connection: DC_CANAL01,DC_BAT01,185,6,13,3,3,2
Connection: DC_BAT01,DC_BASEMENT,54,3,2,27,0,1
Connection: DC_BAT01,DC_HOOK,30,3,37,31,0,1
Connection: DC_BASEMENT,DC_CANAL02,45,29,12,3,1,2
Connection: DC_CANAL02,DC_CANAL03,199,2,28,3,0,2
Connection: DC_CANAL03,DC_BAT02,198,3,12,32,0,2
Connection: DC_CANAL04,DC_BAT02,29,3,54,32,3,0
Connection: DC_CANAL04,DC_MIRO,242,3,16,5,3,3
Connection: DC_MIRO,DC_PIPE,40,3,40,31,3,0
Connection: DC_PIPE,DC_TURN,96,24,3,22,0,2
Connection: DC_HOOK,DC_POND,8,9,71,23,1,3
Connection: DC_POND,DC_ANKLE,141,24,7,6,0,2
Connection: DC_POND,DC_BOW,6,20,40,23,2,0
Connection: DC_ANKLE,DC_FALLDOWN,44,29,5,84,0,3
Connection: DC_FALLDOWN,DC_HALL,44,135,4,16,0,2
Connection: DC_FALLDOWN,DC_S02,44,55,21,13,0,2
Connection: DC_FALLDOWN,DC_DRAIN,31,7,10,6,3,2
Connection: DC_HALL,DC_TRIPLE,96,16,3,61,0,2
Connection: DC_DRAIN,DC_PIT,142,19,8,52,0,2
Connection: DC_PIT,DC_POCKET,93,13,10,9,0,3
Connection: DC_POCKET,DC_DROWN,5,18,22,9,1,2
Connection: DC_POCKET,DC_S04,41,15,30,18,0,2
Connection: DC_DROWN,DC_CURVY,5,101,38,25,1,0
Connection: DC_TRIPLE,DC_ARM,42,47,11,9,0,2
Connection: DC_TRIPLE,DC_CURVY,33,8,5,4,0,2
Connection: DC_ARM,DC_UNDER,66,10,12,28,3,1
Connection: DC_UNDER,DC_BAT02,43,15,12,11,0,2
Connection: DC_UNDER,DC_S03,4,14,21,19,2,0
