GATE_OF_LF: 729.6385,-275.9521,810.7681,-129.7079,1,0
OF_E01: 258.6386,-292.9521,283.7681,-139.7079,1,1
OF_A06: 234.6923,-433.9231,447.5385,-268.3846,1,1
OF_A01: 56.63863,-397.9521,292.768,-302.7079,2,1
OF_A02: -205.3614,149.0479,-215.232,27.29213,1,1
OF_A03: -302.7615,36.44783,-216.032,157.2922,1,1
OF_B01: 74.23849,89.44785,8.968004,-65.70782,1,1
OF_B02: 317.2385,143.4479,-21.032,156.2922,1,1
OF_A04: -284.6365,267.0729,-337.907,-32.70786,1,1
OF_B03: 140.3635,313.2951,-11.57366,285.0699,1,1
OF_A05: -301.9365,386.8951,-338.1737,284.5699,1,1
OF_B04: 199.609,489.0769,-43.62818,481.1154,1,1
OffScreenDen_OF: -916.3615,-473.9522,-660.2319,-452.7079,1,1
Connection: GATE_OF_LF,OF_E01,2,9,243,15,2,0
Connection: OF_E01,OF_A06,134,3,40,30,3,1
