Clouds: 0.04347826
Grime: 0.2717391
FadePalette: 14, 0.4456522
