Template: OF_SettingsTemplate_Inside
Clouds: 0.2391304
FadePalette: 4, 0.4782609, 0.5, 0.5217391
