Template: OF_SettingsTemplate_Inside
Clouds: 0.1630435
Palette: 3
Effects: SkyAndLightBloom-0-30-30, Fog-0.5869565-32-91, 
FadePalette: 4, 0.5760869, 0.7282609, 0.7934783, 0.7173913, 0.5760869, 0.8913044, 0.9021739, 0.8913044
