Template: OF_SettingsTemplate_Inside
Clouds: 0.1630435
Palette: 3
Effects: SkyAndLightBloom-0-30-30, Fog-0.5869565-32-91, 
FadePalette: 4, 0.6413044, 0.7934783, 0.8369565, 0.7717391, 0.6521739, 0.8913044, 0.9021739, 0.8913044
