Template: DC_SettingsTemplate_Canal
WaveSpeed: 0.5869565
WaveLength: 1
WaveAmplitude: 0.2826087
SecondWaveLength: 0.08695652
SecondWaveAmplitude: 0.4130435
Effects: Fog-0.8695652-38-139, 
AmbientSounds: OMNI><AM_WAT-Sea01.ogg><667.8195><570.336><0.5><1, SPOT><AM_WAT-Shoreline.ogg><672.0225><460.6987><0.3695652><0.9217392><760.0225><138.6987><-168.3553><-148.3553><0><0.4913045, SPOT><AM_WIN-NiceWnd.ogg><672.1194><344.9015><0.2065217><0.9021739><-111.8806><732.9015><266.6447><-264.3553><0><0.7630436, OMNI><AM_WIN-NiceWnd.ogg><509.4174><569.3905><0.2717391><1, 
FadePalette: 13, 0.75, 0.7717391, 0.8260869, 0.8586956, 0.9021739, 0.9565217, 1, 1
